0.000000 0.005000 
 0.000000 0.010000 
 0.000000 0.015000 
 0.000000 0.020000 
 0.000000 0.025000 
 0.000000 0.030000 
 0.001830 0.035000 
 0.003660 0.040000 
 0.003660 0.045000 
 0.005491 0.050000 
 0.007321 0.055000 
 0.007321 0.060000 
 0.009151 0.065000 
 0.010981 0.070000 
 0.012811 0.075000 
 0.014642 0.080000 
 0.016472 0.085000 
 0.020132 0.090000 
 0.020132 0.095000 
 0.023793 0.100000 
 0.023793 0.105000 
 0.027453 0.110000 
 0.031113 0.115000 
 0.032944 0.120000 
 0.034774 0.125000 
 0.038434 0.130000 
 0.042095 0.135000 
 0.043925 0.140000 
 0.045755 0.145000 
 0.049415 0.150000 
 0.053076 0.155000 
 0.056736 0.160000 
 0.058566 0.165000 
 0.062227 0.170000 
 0.064057 0.175000 
 0.067717 0.180000 
 0.071378 0.185000 
 0.075038 0.190000 
 0.078699 0.195000 
 0.082359 0.200000 
 0.087850 0.205000 
 0.089680 0.210000 
 0.093340 0.215000 
 0.098831 0.220000 
 0.102491 0.225000 
 0.104321 0.230000 
 0.109812 0.235000 
 0.113472 0.240000 
 0.117133 0.245000 
 0.120793 0.250000 
 0.124454 0.255000 
 0.128114 0.260000 
 0.131774 0.265000 
 0.135435 0.270000 
 0.139095 0.275000 
 0.142756 0.280000 
 0.148246 0.285000 
 0.151907 0.290000 
 0.157397 0.295000 
 0.161058 0.300000 
 0.164718 0.305000 
 0.168378 0.310000 
 0.172039 0.315000 
 0.177529 0.320000 
 0.181190 0.325000 
 0.186680 0.330000 
 0.190341 0.335000 
 0.194001 0.340000 
 0.197662 0.345000 
 0.204982 0.350000 
 0.208643 0.355000 
 0.212303 0.360000 
 0.215964 0.365000 
 0.219624 0.370000 
 0.226945 0.375000 
 0.230605 0.380000 
 0.234266 0.385000 
 0.237926 0.390000 
 0.243417 0.395000 
 0.248907 0.400000 
 0.252568 0.405000 
 0.256228 0.410000 
 0.263549 0.415000 
 0.267209 0.420000 
 0.270870 0.425000 
 0.274530 0.430000 
 0.281851 0.435000 
 0.285511 0.440000 
 0.289172 0.445000 
 0.294662 0.450000 
 0.300153 0.455000 
 0.303813 0.460000 
 0.307474 0.465000 
 0.314794 0.470000 
 0.318455 0.475000 
 0.322115 0.480000 
 0.327606 0.485000 
 0.333096 0.490000 
 0.336757 0.495000 
 0.342247 0.500000 
 0.347738 0.505000 
 0.351398 0.510000 
 0.355059 0.515000 
 0.362380 0.520000 
 0.366040 0.525000 
 0.369700 0.530000 
 0.375191 0.535000 
 0.380682 0.540000 
 0.384342 0.545000 
 0.388002 0.550000 
 0.395323 0.555000 
 0.398984 0.560000 
 0.404474 0.565000 
 0.409965 0.570000 
 0.413625 0.575000 
 0.417286 0.580000 
 0.424606 0.585000 
 0.428267 0.590000 
 0.431927 0.595000 
 0.439248 0.600000 
 0.442908 0.605000 
 0.446569 0.610000 
 0.453890 0.615000 
 0.457550 0.620000 
 0.463041 0.625000 
 0.468531 0.630000 
 0.472192 0.635000 
 0.475852 0.640000 
 0.483173 0.645000 
 0.486833 0.650000 
 0.492324 0.655000 
 0.497814 0.660000 
 0.501475 0.665000 
 0.506965 0.670000 
 0.512456 0.675000 
 0.516116 0.680000 
 0.521607 0.685000 
 0.527098 0.690000 
 0.530758 0.695000 
 0.536249 0.700000 
 0.541739 0.705000 
 0.545400 0.710000 
 0.552720 0.714999 
 0.556381 0.719999 
 0.560041 0.724999 
 0.567362 0.729999 
 0.571022 0.734999 
 0.576513 0.739999 
 0.582004 0.744999 
 0.585664 0.749999 
 0.589324 0.754999 
 0.596645 0.759999 
 0.600306 0.764999 
 0.605796 0.769999 
 0.611287 0.774999 
 0.614947 0.779999 
 0.620438 0.784999 
 0.625928 0.789999 
 0.629589 0.794999 
 0.636910 0.799999 
 0.640570 0.804999 
 0.644230 0.809999 
 0.651551 0.814999 
 0.655212 0.819999 
 0.658872 0.824999 
 0.666193 0.829999 
 0.669853 0.834999 
 0.675344 0.839999 
 0.680834 0.844999 
 0.684495 0.849999 
 0.689985 0.854999 
 0.695476 0.859999 
 0.699136 0.864999 
 0.704627 0.869999 
 0.710118 0.874999 
 0.713778 0.879999 
 0.721099 0.884999 
 0.724759 0.889999 
 0.728420 0.894999 
 0.735740 0.899999 
 0.739401 0.904999 
 0.744891 0.909999 
 0.750382 0.914999 
 0.754042 0.919999 
 0.759533 0.924999 
 0.765024 0.929999 
 0.768684 0.934999 
 0.776005 0.939999 
 0.779665 0.944999 
 0.783326 0.949999 
 0.790646 0.954999 
 0.794307 0.959999 
 0.799797 0.964999 
 0.805288 0.969999 
 0.808948 0.974999 
 0.814439 0.979999 
 0.819930 0.984999 
 0.823590 0.989999 
 0.830911 0.994999 
 0.834571 0.999999 
 0.838232 1.004999 
 0.845552 1.004999 
 0.849213 1.004999 
 0.852873 1.004999 
 0.858364 1.004999 
 0.863854 1.004999 
 0.867515 1.004999 
 0.871175 1.004999 
 0.874836 1.004999 
 0.878496 1.004999 
 0.882156 1.004999 
 0.885817 1.004999 
 0.889477 1.004999 
 0.893138 1.004999 
 0.896798 1.004999 
 0.900458 1.004999 
 0.902289 1.004999 
 0.905949 1.004999 
 0.909609 1.004999 
 0.913270 1.004999 
 0.915100 1.004999 
 0.916930 1.004999 
 0.920591 1.004999 
 0.924251 1.004999 
 0.924251 1.004999 
 0.927911 1.004999 
 0.931572 1.004999 
 0.931572 1.004999 
 0.935232 1.004999 
 0.935232 1.004999 
 0.938893 1.004999 
 0.940723 1.004999 
 0.942553 1.004999 
 0.944383 1.004999 
 0.946213 1.004999 
 0.948044 1.004999 
 0.949874 1.004999 
 0.949874 1.004999 
 0.953534 1.004999 
 0.953534 1.004999 
 0.957195 1.004999 
 0.957195 1.004999 
 0.959025 1.004999 
 0.960855 1.004999 
 0.960855 1.004999 
 0.962685 1.004999 
 0.964515 1.004999 
 0.966346 1.004999 
 0.966346 1.004999 
 0.968176 1.004999 
 0.968176 1.004999 
 0.970006 1.004999 
 0.971836 1.004999 
 0.971836 1.004999 
 0.973666 1.004999 
 0.973666 1.004999 
 0.975497 1.004999 
 0.975497 1.004999 
 0.977327 1.004999 
 0.977327 1.004999 
 0.979157 1.004999 
 0.979157 1.004999 
 0.980987 1.004999 
 0.980987 1.004999 
 0.980987 1.004999 
 0.982817 1.004999 
 0.982817 1.004999 
 0.984648 1.004999 
 0.984648 1.004999 
 0.984648 1.004999 
 0.984648 1.004999 
 0.986478 1.004999 
 0.986478 1.004999 
 0.988308 1.004999 
 0.988308 1.004999 
 0.988308 1.004999 
 0.988308 1.004999 
 0.988308 1.004999 
 0.988308 1.004999 
 0.990138 1.004999 
 0.991968 1.004999 
 0.991968 1.004999 
 0.991968 1.004999 
 0.991968 1.004999 
 0.991968 1.004999 
 0.991968 1.004999 
 0.991968 1.004999 
 0.993799 1.004999 
 0.993799 1.004999 
 0.995629 1.004999 
 0.995629 1.004999 
 0.995629 1.004999 
 0.995629 1.004999 
 0.995629 1.004999 
 0.995629 1.004999 
 0.995629 1.004999 
 0.995629 1.004999 
 0.995629 1.004999 
 0.995629 1.004999 
 0.995629 1.004999 
 0.997459 1.004999 
 0.997459 1.004999 
 0.997459 1.004999 
 0.999289 1.004999 
 0.999289 1.004999 
 0.999289 1.004999 
 0.999289 1.004999 
 0.999289 1.004999 
 0.999289 1.004999 
 0.999289 1.004999 
 0.999289 1.004999 
 0.999289 1.004999 
 0.999289 1.004999 
 0.999289 1.004999 
 0.999289 1.004999 
 0.999289 1.004999 
 0.999289 1.004999 
 0.999289 1.004999 
 1.001119 1.004999 
 0.999289 1.004999 
 0.999289 1.004999 
 1.001119 1.004999 
 0.999289 1.004999 
 1.001119 1.004999 
 1.001119 1.004999 
 1.002950 1.004999 
 1.002950 1.004999 
 1.002950 1.004999 
 1.002950 1.004999 
 1.002950 1.004999 
 1.002950 1.004999 
 1.002950 1.004999 
 1.002950 1.004999 
 1.002950 1.004999 
 1.002950 1.004999 
 1.002950 1.004999 
 1.002950 1.004999 
 1.002950 1.004999 
 1.002950 1.004999 
 1.002950 1.004999 
 1.002950 1.004999 
 1.002950 1.004999 
 1.002950 1.004999 
 1.002950 1.004999 
 1.002950 1.004999 
 1.002950 1.004999 
 1.002950 1.004999 
 1.002950 1.004999 
 1.002950 1.004999 
 1.002950 1.004999 
 1.002950 1.004999 
 1.002950 1.004999 
 1.002950 1.004999 
 1.002950 1.004999 
 1.002950 1.004999 
 1.002950 1.004999 
 1.002950 1.004999 
 1.002950 1.004999 
 1.002950 1.004999 
 1.002950 1.004999 
 1.002950 1.004999 
 1.002950 1.004999 
 1.002950 1.004999 
 1.002950 1.004999 
 1.002950 1.004999 
 1.002950 1.004999 
 1.002950 1.004999 
 1.002950 1.004999 
 1.002950 1.004999 
 1.002950 1.004999 
 1.004780 1.004999 
 1.002950 1.004999 
 1.002950 1.004999 
 1.002950 1.004999 
 1.002950 1.004999 
 1.002950 1.004999 
 1.002950 1.004999 
 1.004780 1.004999 
 1.002950 1.004999 
 1.002950 1.004999 
 1.002950 1.004999 
 1.002950 1.004999 
 1.002950 1.004999 
 1.004780 1.004999 
 1.004780 1.004999 
 1.004780 1.004999 
 1.004780 1.004999 
 1.004780 1.004999 
 1.004780 1.004999 
 1.004780 1.004999 
 1.004780 1.004999 
 1.004780 1.004999 
 1.004780 1.004999 
 1.004780 1.004999 
 1.004780 1.004999 
 1.004780 1.004999 
 1.004780 1.004999 
 1.006610 1.004999 
 1.004780 1.004999 
 1.004780 1.004999 
 1.004780 1.004999 
 1.004780 1.004999 
 1.004780 1.004999 
 1.004780 1.004999 
 1.004780 1.004999 
 1.004780 1.004999 
 1.006610 1.004999 
 1.004780 1.004999 
 1.004780 1.004999 
 1.004780 1.004999 
 1.004780 1.004999 
 1.004780 1.004999 
 1.004780 1.004999 
 1.006610 1.004999 
 1.004780 1.004999 
 1.004780 1.004999 
 1.004780 1.004999 
 1.004780 1.004999 
 1.004780 1.004999 
 1.004780 1.004999 
 1.004780 1.004999 
 1.004780 1.004999 
 1.006610 1.004999 
 1.004780 1.004999 
 1.004780 1.004999 
 1.004780 1.004999 
 1.004780 1.004999 
 1.004780 1.004999 
 1.004780 1.004999 
 1.004780 1.004999 
 1.004780 1.004999 
 1.006610 1.004999 
 1.004780 1.004999 
 1.004780 1.004999 
 1.004780 1.004999 
 1.004780 1.004999 
 1.004780 1.004999 
 1.004780 1.004999 
 1.006610 1.004999 
 1.004780 1.004999 
 1.004780 1.004999 
 1.004780 1.004999 
 1.004780 1.004999 
 1.004780 1.004999 
 1.004780 1.004999 
 1.004780 1.004999 
 1.004780 1.004999 
 1.006610 1.004999 
 1.004780 1.004999 
 1.004780 1.004999 
 1.004780 1.004999 
 1.004780 1.004999 
 1.004780 1.004999 
 1.004780 1.004999 
 1.004780 1.004999 
 1.004780 1.004999 
 1.006610 1.004999 
 1.004780 1.004999 
 1.004780 1.004999 
 1.004780 1.004999 
 1.004780 1.004999 
 1.004780 1.004999 
 1.004780 1.004999 
 1.006610 1.004999 
 1.004780 1.004999 
 1.004780 1.004999 
 1.004780 1.004999 
 1.004780 1.004999 
 1.004780 1.004999 
 1.004780 1.004999 
 1.004780 1.004999 
 1.004780 1.004999 
 1.006610 1.004999 
 1.004780 1.004999 
 1.004780 1.004999 
 1.004780 1.004999 
 1.004780 1.004999 
 1.004780 1.004999 
 1.004780 1.004999 
 1.004780 1.004999 
 1.004780 1.004999 
 1.006610 1.004999 
 1.004780 1.004999 
 1.004780 1.004999 
 1.004780 1.004999 
 1.004780 1.004999 
 1.004780 1.004999 
 1.004780 1.004999 
 1.006610 1.004999 
 1.004780 1.004999 
 1.004780 1.004999 
 1.004780 1.004999 
 1.004780 1.004999 
 1.004780 1.004999 
 1.004780 1.004999 
 1.004780 1.004999 
 1.004780 1.004999 
 1.006610 1.004999 
 1.004780 1.004999 
 1.004780 1.004999 
 1.004780 1.004999 
 1.004780 1.004999 
 1.004780 1.004999 
 1.004780 1.004999 
 1.004780 1.004999 
 1.004780 1.004999 
 1.006610 1.004999 
 1.004780 1.004999 
 1.004780 1.004999 
 1.004780 1.004999 
 1.004780 1.004999 
 1.004780 1.004999 
 1.004780 1.004999 
 1.006610 1.004999 
 1.004780 1.004999 
 1.004780 1.004999 
 1.004780 1.004999 
 1.004780 1.004999 
 1.004780 1.004999 
 1.004780 1.004999 
 1.004780 1.004999 
 1.004780 1.004999 
 1.006610 1.004999 
 1.004780 1.004999 
 1.004780 1.004999 
 1.004780 1.004999 
 1.004780 1.004999 
 1.004780 1.004999 
 1.004780 1.004999 
 1.004780 1.004999 
 1.004780 1.004999 
 1.006610 1.004999 
 1.004780 1.004999 
 1.004780 1.004999 
 1.004780 1.004999 
 1.004780 1.004999 
 1.004780 1.004999 
 1.004780 1.004999 
 1.006610 1.004999 
 1.004780 1.004999 
 1.004780 1.004999 
 1.004780 1.004999 
 1.004780 1.004999 
 1.004780 1.004999 
 1.004780 1.004999 
 1.004780 1.004999 
 1.004780 1.004999 
 1.006610 1.004999 
 1.004780 1.004999 
 1.004780 1.004999 
 1.004780 1.004999 
 1.004780 1.004999 
 1.004780 1.004999 
 1.004780 1.004999 
 1.004780 1.004999 
 1.004780 1.004999 
 1.006610 1.004999 
 1.004780 1.004999 
 1.004780 1.004999 
 1.004780 1.004999 
 1.004780 1.004999 
 1.004780 1.004999 
 1.004780 1.004999 
 1.006610 1.004999 
 1.004780 1.004999 
 1.004780 1.004999 
 1.004780 1.004999 
 1.004780 1.004999 
 1.004780 1.004999 
 1.004780 1.004999 
 1.004780 1.004999 
 1.004780 1.004999 
 1.006610 1.004999 
 1.004780 1.004999 
 1.004780 1.004999 
 1.004780 1.004999 
 1.004780 1.004999 
 1.004780 1.004999 
 1.004780 1.004999 
 1.004780 1.004999 
 1.004780 1.004999 
 1.006610 1.004999 
 1.004780 1.004999 
 1.004780 1.004999 
 1.004780 1.004999 
 1.004780 1.004999 
 1.004780 1.004999 
 1.004780 1.004999 
 1.006610 1.004999 
 1.004780 1.004999 
 1.004780 1.004999 
 1.004780 1.004999 
 1.004780 1.004999 
 1.004780 1.004999 
 1.004780 1.004999 
 1.004780 1.004999 
 1.004780 1.004999 
 1.006610 1.004999 
 1.004780 1.004999 
 1.004780 1.004999 
 1.004780 1.004999 
 1.004780 1.004999 
 1.004780 1.004999 
 1.004780 1.004999 
 1.004780 1.004999 
 1.004780 1.004999 
 1.006610 1.004999 
 1.004780 1.004999 
 1.004780 1.004999 
 1.004780 1.004999 
 1.004780 1.004999 
 1.006610 1.004999 
 1.004780 1.004999 
 1.004780 1.004999 
 1.004780 1.004999 
 1.004780 1.004999 
 1.004780 1.004999 
 1.004780 1.004999 
 1.004780 1.004999 
 1.004780 1.004999 
 1.006610 1.004999 
 1.004780 1.004999 
 1.004780 1.004999 
 1.004780 1.004999 
 1.004780 1.004999 
 1.004780 1.004999 
 1.004780 1.004999 
 1.004780 1.004999 
 1.004780 1.004999 
 1.006610 1.004999 
 1.004780 1.004999 
 1.004780 1.004999 
 1.004780 1.004999 
 1.004780 1.004999 
 1.004780 1.004999 
 1.004780 1.004999 
 1.006610 1.004999 
 1.004780 1.004999 
 1.004780 1.004999 
 1.004780 1.004999 
 1.004780 1.004999 
 1.004780 1.004999 
 1.004780 1.004999 
 1.004780 1.004999 
 1.004780 1.004999 
 1.006610 1.004999 
 1.004780 1.004999 
 1.004780 1.004999 
 1.004780 1.004999 
 1.004780 1.004999 
 1.004780 1.004999 
 1.004780 1.004999 
 1.004780 1.004999 
 1.004780 1.004999 
 1.006610 1.004999 
 1.004780 1.004999 
 1.004780 1.004999 
 1.004780 1.004999 
 1.004780 1.004999 
 1.004780 1.004999 
 1.004780 1.004999 
 1.006610 1.004999 
 1.004780 1.004999 
 1.004780 1.004999 
 1.004780 1.004999 
 1.004780 1.004999 
 1.004780 1.004999 
 1.004780 1.004999 
 1.004780 1.004999 
 1.004780 1.004999 
 1.006610 1.004999 
 1.004780 1.004999 
 1.004780 1.004999 
 1.004780 1.004999 
 1.004780 1.004999 
 1.004780 1.004999 
 1.004780 1.004999 
 1.004780 1.004999 
 1.004780 1.004999 
 1.006610 1.004999 
 1.004780 1.004999 
 1.004780 1.004999 
 1.004780 1.004999 
 1.004780 1.004999 
 1.004780 1.004999 
 1.004780 1.004999 
 1.006610 1.004999 
 1.004780 1.004999 
 1.004780 1.004999 
 1.004780 1.004999 
 1.004780 1.004999 
 1.004780 1.004999 
 1.004780 1.004999 
 1.004780 1.004999 
 1.004780 1.004999 
 1.006610 1.004999 
 1.004780 1.004999 
 1.004780 1.004999 
 1.004780 1.004999 
 1.004780 1.004999 
 1.004780 1.004999 
 1.004780 1.004999 
 1.004780 1.004999 
 1.004780 1.004999 
 1.006610 1.004999 
 1.004780 1.004999 
 1.004780 1.004999 
 1.004780 1.004999 
 1.004780 1.004999 
 1.004780 1.004999 
 1.004780 1.004999 
 1.006610 1.004999 
 1.004780 1.004999 
 1.004780 1.004999 
 1.004780 1.004999 
 1.004780 1.004999 
 1.004780 1.004999 
 1.004780 1.004999 
 1.004780 1.004999 
 1.004780 1.004999 
 1.006610 1.004999 
 1.004780 1.004999 
 1.004780 1.004999 
 1.004780 1.004999 
 1.004780 1.004999 
 1.004780 1.004999 
 1.004780 1.004999 
 1.004780 1.004999 
 1.004780 1.004999 
 1.006610 1.004999 
 1.004780 1.004999 
 1.004780 1.004999 
 1.004780 1.004999 
 1.004780 1.004999 
 1.004780 1.004999 
 1.004780 1.004999 
 1.006610 1.004999 
 1.004780 1.004999 
 1.004780 1.004999 
 1.004780 1.004999 
 1.004780 1.004999 
 1.004780 1.004999 
 1.004780 1.004999 
 1.004780 1.004999 
 1.004780 1.004999 
 1.006610 1.004999 
 1.004780 1.004999 
 1.004780 1.004999 
 1.004780 1.004999 
 1.004780 1.004999 
 1.004780 1.004999 
 1.004780 1.004999 
 1.004780 1.004999 
 1.004780 1.004999 
 1.006610 1.004999 
 1.004780 1.004999 
 1.004780 1.004999 
 1.004780 1.004999 
 1.004780 1.004999 
 1.004780 1.004999 
 1.004780 1.004999 
 1.006610 1.004999 
 1.004780 1.004999 
 1.004780 1.004999 
 1.004780 1.004999 
 1.004780 1.004999 
 1.004780 1.004999 
 1.004780 1.004999 
 1.004780 1.004999 
 1.004780 1.004999 
 1.006610 1.004999 
 1.004780 1.004999 
 1.004780 1.004999 
 1.004780 1.004999 
 1.004780 1.004999 
 1.004780 1.004999 
 1.004780 1.004999 
 1.004780 1.004999 
 1.004780 1.004999 
 1.006610 1.004999 
 1.004780 1.004999 
 1.004780 1.004999 
 1.004780 1.004999 
 1.004780 1.004999 
 1.004780 1.004999 
 1.004780 1.004999 
 1.006610 1.004999 
 1.004780 1.004999 
 1.004780 1.004999 
 1.004780 1.004999 
 1.004780 1.004999 
 1.004780 1.004999 
 1.004780 1.004999 
 1.004780 1.004999 
 1.004780 1.004999 
 1.006610 1.004999 
 1.004780 1.004999 
 1.004780 1.004999 
 1.004780 1.004999 
 1.004780 1.004999 
 1.004780 1.004999 
 1.004780 1.004999 
 1.004780 1.004999 
 1.004780 1.004999 
 1.006610 1.004999 
 1.004780 1.004999 
 1.004780 1.004999 
 1.004780 1.004999 
 1.004780 1.004999 
 1.004780 1.004999 
 1.004780 1.004999 
 1.006610 1.004999 
 1.004780 1.004999 
 1.004780 1.004999 
 1.004780 1.004999 
 1.004780 1.004999 
 1.004780 1.004999 
 1.004780 1.004999 
 1.004780 1.004999 
 1.004780 1.004999 
 1.006610 1.004999 
 1.004780 1.004999 
 1.004780 1.004999 
 1.004780 1.004999 
 1.004780 1.004999 
 1.004780 1.004999 
 1.004780 1.004999 
 1.004780 1.004999 
 1.004780 1.004999 
 1.006610 1.004999 
 1.004780 1.004999 
 1.004780 1.004999 
 1.004780 1.004999 
 1.004780 1.004999 
 1.004780 1.004999 
 1.004780 1.004999 
 1.006610 1.004999 
 1.004780 1.004999 
 1.004780 1.004999 
 1.004780 1.004999 
 1.004780 1.004999 
 1.004780 1.004999 
 1.004780 1.004999 
 1.004780 1.004999 
 1.004780 1.004999 
 1.006610 1.004999 
 1.004780 1.004999 
 1.004780 1.004999 
 1.004780 1.004999 
 1.004780 1.004999 
 1.004780 1.004999 
 1.004780 1.004999 
 1.004780 1.004999 
 1.004780 1.004999 
 1.006610 1.004999 
 1.004780 1.004999 
 1.004780 1.004999 
 1.004780 1.004999 
 1.004780 1.004999 
 1.004780 1.004999 
 1.004780 1.004999 
 1.006610 1.004999 
 1.004780 1.004999 
 1.004780 1.004999 
 1.004780 1.004999 
 1.004780 1.004999 
 1.004780 1.004999 
 1.004780 1.004999 
 1.004780 1.004999 
 1.004780 1.004999 
 1.006610 1.004999 
 1.004780 1.004999 
 1.004780 1.004999 
 1.004780 1.004999 
 1.004780 1.004999 
 1.004780 1.004999 
 1.004780 1.004999 
 1.004780 1.004999 
 1.004780 1.004999 
 1.006610 1.004999 
 1.004780 1.004999 
 1.004780 1.004999 
 1.004780 1.004999 
 1.004780 1.004999 
 1.004780 1.004999 
 1.004780 1.004999 
 1.006610 1.004999 
 1.004780 1.004999 
 1.004780 1.004999 
 1.004780 1.004999 
 1.004780 1.004999 
 1.004780 1.004999 
 1.004780 1.004999 
 1.004780 1.004999 
 1.004780 1.004999 
 1.006610 1.004999 
 1.004780 1.004999 
 1.004780 1.004999 
 1.004780 1.004999 
 1.004780 1.004999 
 1.004780 1.004999 
 1.004780 1.004999 
 1.004780 1.004999 
 1.004780 1.004999 
 1.006610 1.004999 
 1.004780 1.004999 
 1.004780 1.004999 
 1.004780 1.004999 
 1.004780 1.004999 
 1.004780 1.004999 
 1.004780 1.004999 
 1.006610 1.004999 
 1.004780 1.004999 
 1.004780 1.004999 
 1.004780 1.004999 
 1.004780 1.004999 
 1.004780 1.004999 
 1.004780 1.004999 
 1.004780 1.004999 
 1.004780 1.004999 
 1.006610 1.004999 
 1.004780 1.004999 
 1.004780 1.004999 
 1.004780 1.004999 
 1.004780 1.004999 
 1.004780 1.004999 
 1.004780 1.004999 
 1.004780 1.004999 
 1.004780 1.004999 
 1.006610 1.004999 
 1.004780 1.004999 
 1.004780 1.004999 
 1.004780 1.004999 
 1.004780 1.004999 
 1.004780 1.004999 
 1.004780 1.004999 
 1.006610 1.004999 
 1.004780 1.004999 
 1.004780 1.004999 
 1.004780 1.004999 
 1.004780 1.004999 
 1.004780 1.004999 
 1.004780 1.004999 
 1.004780 1.004999 
 1.004780 1.004999 
 1.006610 1.004999 
 1.004780 1.004999 
 1.004780 1.004999 
 1.004780 1.004999 
 1.004780 1.004999 
 1.004780 1.004999 
 1.004780 1.004999 
 1.004780 1.004999 
 1.004780 1.004999 
 1.006610 1.004999 
 1.004780 1.004999 
 1.004780 1.004999 
 1.004780 1.004999 
 1.004780 1.004999 
 1.004780 1.004999 
 1.004780 1.004999 
 1.006610 1.004999 
 1.004780 1.004999 
 1.004780 1.004999 
 1.004780 1.004999 
 1.004780 1.004999 
 1.004780 1.004999 
 1.004780 1.004999 
 1.004780 1.004999 
 1.004780 1.004999 
 1.006610 1.004999 
 1.004780 1.004999 
 1.004780 1.004999 
 1.004780 1.004999 
 1.004780 1.004999 
 1.004780 1.004999 
 1.004780 1.004999 
 1.004780 1.004999 
 1.004780 1.004999 
 1.006610 1.004999 
 1.004780 1.004999 
 1.004780 1.004999 
 1.004780 1.004999 
 1.004780 1.004999 
 1.004780 1.004999 
 1.004780 1.004999 
 1.006610 1.004999 
 1.004780 1.004999 
 1.004780 1.004999 
 1.004780 1.004999 
 1.004780 1.004999 
 1.004780 1.004999 
 1.004780 1.004999 
 1.004780 1.004999 
 1.004780 1.004999 
 1.006610 1.004999 
 1.004780 1.004999 
 1.004780 1.004999 
 1.004780 1.004999 
 1.004780 1.004999 
 1.004780 1.004999 
 1.004780 1.004999 
 1.004780 1.004999 
 1.004780 1.004999 
 1.006610 1.004999 
 1.004780 1.004999 
 1.004780 1.004999 
 1.004780 1.004999 
 1.004780 1.004999 
 1.004780 1.004999 
 1.004780 1.004999 
 1.006610 1.004999 
 1.004780 1.004999 
 1.004780 1.004999 
 1.004780 1.004999 
 1.004780 1.004999 
 1.004780 1.004999 
 1.004780 1.004999 
 1.004780 1.004999 
 1.004780 1.004999 
 1.006610 1.004999 
 1.004780 1.004999 
 1.004780 1.004999 
 1.004780 1.004999 
 1.004780 1.004999 
 1.004780 1.004999 
 1.004780 1.004999 
 1.004780 1.004999 
 1.004780 1.004999 
 1.006610 1.004999 
 1.004780 1.004999 
 1.004780 1.004999 
 1.004780 1.004999 
 1.004780 1.004999 
 1.004780 1.004999 
 1.004780 1.004999 
 1.006610 1.004999 
 1.004780 1.004999 
 1.004780 1.004999 
 1.004780 1.004999 
 1.004780 1.004999 
 1.004780 1.004999 
 1.004780 1.004999 
 1.004780 1.004999 
 1.004780 1.004999 
 1.006610 1.004999 
 1.004780 1.004999 
 1.004780 1.004999 
 1.004780 1.004999 
 1.004780 1.004999 
 1.004780 1.004999 
 1.004780 1.004999 
 1.004780 1.004999 
 1.004780 1.004999 
 1.006610 1.004999 
 1.004780 1.004999 
 1.004780 1.004999 
 1.004780 1.004999 
 1.004780 1.004999 
 1.004780 1.004999 
 1.004780 1.004999 
 1.006610 1.004999 
 1.004780 1.004999 
 1.004780 1.004999 
 1.004780 1.004999 
 1.004780 1.004999 
 1.004780 1.004999 
 1.004780 1.004999 
 1.004780 1.004999 
 1.004780 1.004999 
 1.006610 1.004999 
 1.004780 1.004999 
 1.004780 1.004999 
 1.004780 1.004999 
 1.004780 1.004999 
 1.004780 1.004999 
 1.004780 1.004999 
 1.004780 1.004999 
 1.004780 1.004999 
 1.006610 1.004999 
 1.004780 1.004999 
 1.004780 1.004999 
 1.004780 1.004999 
 1.004780 1.004999 
 1.004780 1.004999 
 1.004780 1.004999 
 1.006610 1.004999 
 1.004780 1.004999 
 1.004780 1.004999 
 1.004780 1.004999 
 1.004780 1.004999 
 1.006610 1.004999 
 1.004780 1.004999 
 1.004780 1.004999 
 1.004780 1.004999 
 1.004780 1.004999 
 1.004780 1.004999 
 1.004780 1.004999 
 1.004780 1.004999 
 1.004780 1.004999 
 1.006610 1.004999 
 1.004780 1.004999 
 1.004780 1.004999 
 1.004780 1.004999 
 1.004780 1.004999 
 1.004780 1.004999 
 1.004780 1.004999 
 1.004780 1.004999 
 1.004780 1.004999 
 1.006610 1.004999 
 1.004780 1.004999 
 1.004780 1.004999 
 1.004780 1.004999 
 1.004780 1.004999 
 1.004780 1.004999 
 1.004780 1.004999 
 1.006610 1.004999 
 1.004780 1.004999 
 1.004780 1.004999 
 1.004780 1.004999 
 1.004780 1.004999 
 1.004780 1.004999 
 1.004780 1.004999 
 1.004780 1.004999 
 1.004780 1.004999 
 1.006610 1.004999 
 1.004780 1.004999 
 1.004780 1.004999 
 1.004780 1.004999 
 1.004780 1.004999 
 1.004780 1.004999 
 1.004780 1.004999 
 1.004780 1.004999 
 1.004780 1.004999 
 1.006610 1.004999 
 1.004780 1.004999 
 1.004780 1.004999 
 1.004780 1.004999 
 1.004780 1.004999 
 1.004780 1.004999 
 1.004780 1.004999 
 1.006610 1.004999 
 1.004780 1.004999 
 1.004780 1.004999 
 1.004780 1.004999 
 1.004780 1.004999 
 1.004780 1.004999 
 1.004780 1.004999 
 1.004780 1.004999 
 1.004780 1.004999 
 1.006610 1.004999 
 1.004780 1.004999 
 1.004780 1.004999 
 1.004780 1.004999 
 1.004780 1.004999 
 1.004780 1.004999 
 1.004780 1.004999 
 1.004780 1.004999 
 1.004780 1.004999 
 1.006610 1.004999 
 1.004780 1.004999 
 1.004780 1.004999 
 1.004780 1.004999 
 1.004780 1.004999 
 1.004780 1.004999 
 1.004780 1.004999 
 1.006610 1.004999 
 1.004780 1.004999 
 1.004780 1.004999 
 1.004780 1.004999 
 1.004780 1.004999 
 1.004780 1.004999 
 1.004780 1.004999 
 1.004780 1.004999 
 1.004780 1.004999 
 1.006610 1.004999 
 1.004780 1.004999 
 1.004780 1.004999 
 1.004780 1.004999 
 1.004780 1.004999 
 1.004780 1.004999 
 1.004780 1.004999 
 1.004780 1.004999 
 1.004780 1.004999 
 1.006610 1.004999 
 1.004780 1.004999 
 1.004780 1.004999 
 1.004780 1.004999 
 1.004780 1.004999 
 1.004780 1.004999 
 1.004780 1.004999 
 1.006610 1.004999 
 1.004780 1.004999 
 1.004780 1.004999 
 1.004780 1.004999 
 1.004780 1.004999 
 1.004780 1.004999 
 1.004780 1.004999 
 1.004780 1.004999 
 1.004780 1.004999 
 1.006610 1.004999 
 1.004780 1.004999 
 1.004780 1.004999 
 1.004780 1.004999 
 1.004780 1.004999 
 1.004780 1.004999 
 1.004780 1.004999 
 1.004780 1.004999 
 1.004780 1.004999 
 1.006610 1.004999 
 1.004780 1.004999 
 1.004780 1.004999 
 1.004780 1.004999 
 1.004780 1.004999 
 1.004780 1.004999 
 1.004780 1.004999 
 1.006610 1.004999 
 1.004780 1.004999 
 1.004780 1.004999 
 1.004780 1.004999 
 1.004780 1.004999 
 1.004780 1.004999 
 1.004780 1.004999 
 1.004780 1.004999 
 1.004780 1.004999 
 1.006610 1.004999 
 1.004780 1.004999 
 1.004780 1.004999 
 1.004780 1.004999 
 1.004780 1.004999 
 1.004780 1.004999 
 1.004780 1.004999 
 1.004780 1.004999 
 1.004780 1.004999 
 1.006610 1.004999 
 1.004780 1.004999 
 1.004780 1.004999 
 1.004780 1.004999 
 1.004780 1.004999 
 1.004780 1.004999 
 1.004780 1.004999 
 1.006610 1.004999 
 1.004780 1.004999 
 1.004780 1.004999 
 1.004780 1.004999 
 1.004780 1.004999 
 1.004780 1.004999 
 1.004780 1.004999 
 1.004780 1.004999 
 1.004780 1.004999 
 1.006610 1.004999 
 1.004780 1.004999 
 1.004780 1.004999 
 1.004780 1.004999 
 1.004780 1.004999 
 1.004780 1.004999 
 1.004780 1.004999 
 1.004780 1.004999 
 1.004780 1.004999 
 1.006610 1.004999 
 1.004780 1.004999 
 1.004780 1.004999 
 1.004780 1.004999 
 1.004780 1.004999 
 1.004780 1.004999 
 1.004780 1.004999 
 1.006610 1.004999 
 1.004780 1.004999 
 1.004780 1.004999 
 1.004780 1.004999 
 1.004780 1.004999 
 1.004780 1.004999 
 1.004780 1.004999 
 1.004780 1.004999 
 1.004780 1.004999 
 1.006610 1.004999 
 1.004780 1.004999 
 1.004780 1.004999 
 1.004780 1.004999 
 1.004780 1.004999 
 1.004780 1.004999 
 1.004780 1.004999 
 1.004780 1.004999 
 1.004780 1.004999 
 1.006610 1.004999 
 1.004780 1.004999 
 1.004780 1.004999 
 1.004780 1.004999 
 1.004780 1.004999 
 1.004780 1.004999 
 1.004780 1.004999 
 1.006610 1.004999 
 1.004780 1.004999 
 1.004780 1.004999 
 1.004780 1.004999 
 1.004780 1.004999 
 1.004780 1.004999 
 1.004780 1.004999 
 1.004780 1.004999 
 1.004780 1.004999 
 1.006610 1.004999 
 1.004780 1.004999 
 1.004780 1.004999 
 1.004780 1.004999 
 1.004780 1.004999 
 1.004780 1.004999 
 1.004780 1.004999 
 1.004780 1.004999 
 1.004780 1.004999 
 1.006610 1.004999 
 1.004780 1.004999 
 1.004780 1.004999 
 1.004780 1.004999 
 1.004780 1.004999 
 1.004780 1.004999 
 1.004780 1.004999 
 1.006610 1.004999 
 1.004780 1.004999 
 1.004780 1.004999 
 1.004780 1.004999 
 1.004780 1.004999 
 1.004780 1.004999 
 1.004780 1.004999 
 1.004780 1.004999 
 1.004780 1.004999 
 1.006610 1.004999 
 1.004780 1.004999 
 1.004780 1.004999 
 1.004780 1.004999 
 1.004780 1.004999 
 1.004780 1.004999 
 1.004780 1.004999 
 1.004780 1.004999 
 1.004780 1.004999 
 1.006610 1.004999 
 1.004780 1.004999 
 1.004780 1.004999 
 1.004780 1.004999 
 1.004780 1.004999 
 1.004780 1.004999 
 1.004780 1.004999 
 1.006610 1.004999 
 1.004780 1.004999 
 1.004780 1.004999 
 1.004780 1.004999 
 1.004780 1.004999 
 1.004780 1.004999 
 1.004780 1.004999 
 1.004780 1.004999 
 1.004780 1.004999 
 1.006610 1.004999 
 1.004780 1.004999 
 1.004780 1.004999 
 1.004780 1.004999 
 1.004780 1.004999 
 1.004780 1.004999 
 1.004780 1.004999 
 1.004780 1.004999 
 1.004780 1.004999 
 1.006610 1.004999 
 1.004780 1.004999 
 1.004780 1.004999 
 1.004780 1.004999 
 1.004780 1.004999 
 1.004780 1.004999 
 1.004780 1.004999 
 1.006610 1.004999 
 1.004780 1.004999 
 1.004780 1.004999 
 1.004780 1.004999 
 1.004780 1.004999 
 1.004780 1.004999 
 1.004780 1.004999 
 1.004780 1.004999 
 1.004780 1.004999 
 1.006610 1.004999 
 1.004780 1.004999 
 1.004780 1.004999 
 1.004780 1.004999 
 1.004780 1.004999 
 1.004780 1.004999 
 1.004780 1.004999 
 1.004780 1.004999 
 1.004780 1.004999 
 1.006610 1.004999 
 1.004780 1.004999 
 1.004780 1.004999 
 1.004780 1.004999 
 1.004780 1.004999 
 1.004780 1.004999 
 1.004780 1.004999 
 1.006610 1.004999 
 1.004780 1.004999 
 1.004780 1.004999 
 1.004780 1.004999 
 1.004780 1.004999 
 1.004780 1.004999 
 1.004780 1.004999 
 1.004780 1.004999 
 1.004780 1.004999 
 1.006610 1.004999 
 1.004780 1.004999 
 1.004780 1.004999 
 1.004780 1.004999 
 1.004780 1.004999 
 1.004780 1.004999 
 1.004780 1.004999 
 1.004780 1.004999 
 1.004780 1.004999 
 1.006610 1.004999 
 1.004780 1.004999 
 1.004780 1.004999 
 1.004780 1.004999 
 1.004780 1.004999 
 1.004780 1.004999 
 1.004780 1.004999 
 1.006610 1.004999 
 1.004780 1.004999 
 1.004780 1.004999 
 1.004780 1.004999 
 1.004780 1.004999 
 1.004780 1.004999 
 1.004780 1.004999 
 1.004780 1.004999 
 1.004780 1.004999 
 1.006610 1.004999 
 1.004780 1.004999 
 1.004780 1.004999 
 1.004780 1.004999 
 1.004780 1.004999 
 1.004780 1.004999 
 1.004780 1.004999 
 1.004780 1.004999 
 1.004780 1.004999 
 1.006610 1.004999 
 1.004780 1.004999 
 1.004780 1.004999 
 1.004780 1.004999 
 1.004780 1.004999 
 1.004780 1.004999 
 1.004780 1.004999 
 1.006610 1.004999 
 1.004780 1.004999 
 1.004780 1.004999 
 1.004780 1.004999 
 1.004780 1.004999 
 1.004780 1.004999 
 1.004780 1.004999 
 1.004780 1.004999 
 1.004780 1.004999 
 1.006610 1.004999 
 1.004780 1.004999 
 1.004780 1.004999 
 1.004780 1.004999 
 1.004780 1.004999 
 1.004780 1.004999 
 1.004780 1.004999 
 1.004780 1.004999 
 1.004780 1.004999 
 1.006610 1.004999 
 1.004780 1.004999 
 1.004780 1.004999 
 1.004780 1.004999 
 1.004780 1.004999 
 1.004780 1.004999 
 1.004780 1.004999 
 1.006610 1.004999 
 1.004780 1.004999 
 1.004780 1.004999 
 1.004780 1.004999 
 1.004780 1.004999 
 1.004780 1.004999 
 1.004780 1.004999 
 1.004780 1.004999 
 1.004780 1.004999 
 1.006610 1.004999 
 1.004780 1.004999 
 1.004780 1.004999 
 1.004780 1.004999 
 1.004780 1.004999 
 1.004780 1.004999 
 1.004780 1.004999 
 1.004780 1.004999 
 1.004780 1.004999 
 1.006610 1.004999 
 1.004780 1.004999 
 1.004780 1.004999 
 1.004780 1.004999 
 1.004780 1.004999 
 1.004780 1.004999 
 1.004780 1.004999 
 1.006610 1.004999 
 1.004780 1.004999 
 1.004780 1.004999 
 1.004780 1.004999 
 1.004780 1.004999 
 1.004780 1.004999 
 1.004780 1.004999 
 1.004780 1.004999 
 1.004780 1.004999 
 1.006610 1.004999 
 1.004780 1.004999 
 1.004780 1.004999 
 1.004780 1.004999 
 1.004780 1.004999 
 1.004780 1.004999 
 1.004780 1.004999 
 1.004780 1.004999 
 1.004780 1.004999 
 1.006610 1.004999 
 1.004780 1.004999 
 1.004780 1.004999 
 1.004780 1.004999 
 1.004780 1.004999 
 1.004780 1.004999 
 1.004780 1.004999 
 1.006610 1.004999 
 1.004780 1.004999 
 1.004780 1.004999 
 1.004780 1.004999 
 1.004780 1.004999 
 1.004780 1.004999 
 1.004780 1.004999 
 1.004780 1.004999 
 1.004780 1.004999 
 1.006610 1.004999 
 1.004780 1.004999 
 1.004780 1.004999 
 1.004780 1.004999 
 1.004780 1.004999 
 1.004780 1.004999 
 1.004780 1.004999 
 1.004780 1.004999 
 1.004780 1.004999 
 1.006610 1.004999 
 1.004780 1.004999 
 1.004780 1.004999 
 1.004780 1.004999 
 1.004780 1.004999 
 1.004780 1.004999 
 1.004780 1.004999 
 1.006610 1.004999 
 1.004780 1.004999 
 1.004780 1.004999 
 1.004780 1.004999 
 1.004780 1.004999 
 1.004780 1.004999 
 1.004780 1.004999 
 1.004780 1.004999 
 1.004780 1.004999 
 1.006610 1.004999 
 1.004780 1.004999 
 1.004780 1.004999 
 1.004780 1.004999 
 1.004780 1.004999 
 1.004780 1.004999 
 1.004780 1.004999 
 1.004780 1.004999 
 1.004780 1.004999 
 1.006610 1.004999 
 1.004780 1.004999 
 1.004780 1.004999 
 1.004780 1.004999 
 1.004780 1.004999 
 1.004780 1.004999 
 1.004780 1.004999 
 1.006610 1.004999 
 1.004780 1.004999 
 1.004780 1.004999 
 1.004780 1.004999 
 1.004780 1.004999 
 1.004780 1.004999 
 1.004780 1.004999 
 1.004780 1.004999 
 1.004780 1.004999 
 1.006610 1.004999 
 1.004780 1.004999 
 1.004780 1.004999 
 1.004780 1.004999 
 1.004780 1.004999 
 1.004780 1.004999 
 1.004780 1.004999 
 1.004780 1.004999 
 1.004780 1.004999 
 1.006610 1.004999 
 1.004780 1.004999 
 1.004780 1.004999 
 1.004780 1.004999 
 1.004780 1.004999 
 1.004780 1.004999 
 1.004780 1.004999 
 1.006610 1.004999 
 1.004780 1.004999 
 1.004780 1.004999 
 1.004780 1.004999 
 1.004780 1.004999 
 1.004780 1.004999 
 1.004780 1.004999 
 1.004780 1.004999 
 1.004780 1.004999 
 1.006610 1.004999 
 1.004780 1.004999 
 1.004780 1.004999 
 1.004780 1.004999 
 1.004780 1.004999 
 1.004780 1.004999 
 1.004780 1.004999 
 1.004780 1.004999 
 1.004780 1.004999 
 1.006610 1.004999 
 1.004780 1.004999 
 1.004780 1.004999 
 1.004780 1.004999 
 1.004780 1.004999 
 1.004780 1.004999 
 1.004780 1.004999 
 1.006610 1.004999 
 1.004780 1.004999 
 1.004780 1.004999 
 1.004780 1.004999 
 1.004780 1.004999 
 1.004780 1.004999 
 1.004780 1.004999 
 1.004780 1.004999 
 1.004780 1.004999 
 1.006610 1.004999 
 1.004780 1.004999 
 1.004780 1.004999 
 1.004780 1.004999 
 1.004780 1.004999 
 1.004780 1.004999 
 1.004780 1.004999 
 1.004780 1.004999 
 1.004780 1.004999 
 1.006610 1.004999 
 1.004780 1.004999 
 1.004780 1.004999 
 1.004780 1.004999 
 1.004780 1.004999 
 1.004780 1.004999 
 1.004780 1.004999 
 1.006610 1.004999 
 1.004780 1.004999 
 1.004780 1.004999 
 1.004780 1.004999 
 1.004780 1.004999 
 1.004780 1.004999 
 1.004780 1.004999 
 1.004780 1.004999 
 1.004780 1.004999 
 1.006610 1.004999 
 1.004780 1.004999 
 1.004780 1.004999 
 1.004780 1.004999 
 1.004780 1.004999 
 1.004780 1.004999 
 1.004780 1.004999 
 1.004780 1.004999 
 1.004780 1.004999 
 1.006610 1.004999 
 1.004780 1.004999 
 1.004780 1.004999 
 1.004780 1.004999 
 1.004780 1.004999 
 1.004780 1.004999 
 1.004780 1.004999 
 1.006610 1.004999 
 1.004780 1.004999 
 1.004780 1.004999 
 1.004780 1.004999 
 1.004780 1.004999 
 1.004780 1.004999 
 1.004780 1.004999 
 1.004780 1.004999 
 1.004780 1.004999 
 1.006610 1.004999 
 1.004780 1.004999 
 1.004780 1.004999 
 1.004780 1.004999 
 1.004780 1.004999 
 1.004780 1.004999 
 1.004780 1.004999 
 1.004780 1.004999 
 1.004780 1.004999 
 1.006610 1.004999 
 1.004780 1.004999 
 1.004780 1.004999 
 1.004780 1.004999 
 1.004780 1.004999 
 1.004780 1.004999 
 1.004780 1.004999 
 1.006610 1.004999 
 1.004780 1.004999 
 1.004780 1.004999 
 1.004780 1.004999 
 1.004780 1.004999 
 1.004780 1.004999 
 1.004780 1.004999 
 1.004780 1.004999 
 1.004780 1.004999 
 1.006610 1.004999 
 1.004780 1.004999 
 1.004780 1.004999 
 1.004780 1.004999 
 1.004780 1.004999 
 1.004780 1.004999 
 1.004780 1.004999 
 1.004780 1.004999 
 1.004780 1.004999 
 1.006610 1.004999 
 1.004780 1.004999 
 1.004780 1.004999 
 1.004780 1.004999 
 1.004780 1.004999 
 1.004780 1.004999 
 1.004780 1.004999 
 1.006610 1.004999 
 1.004780 1.004999 
 1.004780 1.004999 
 1.004780 1.004999 
 1.004780 1.004999 
 1.004780 1.004999 
 1.004780 1.004999 
 1.004780 1.004999 
 1.004780 1.004999 
 1.006610 1.004999 
 1.004780 1.004999 
 1.004780 1.004999 
 1.004780 1.004999 
 1.004780 1.004999 
 1.004780 1.004999 
 1.004780 1.004999 
 1.004780 1.004999 
 1.004780 1.004999 
 1.006610 1.004999 
 1.004780 1.004999 
 1.004780 1.004999 
 1.004780 1.004999 
 1.004780 1.004999 
 1.004780 1.004999 
 1.004780 1.004999 
 1.006610 1.004999 
 1.004780 1.004999 
 1.004780 1.004999 
 1.004780 1.004999 
 1.004780 1.004999 
 1.004780 1.004999 
 1.004780 1.004999 
 1.004780 1.004999 
 1.004780 1.004999 
 1.006610 1.004999 
 1.004780 1.004999 
 1.004780 1.004999 
 1.004780 1.004999 
 1.004780 1.004999 
 1.004780 1.004999 
 1.004780 1.004999 
 1.004780 1.004999 
 1.004780 1.004999 
 1.006610 1.004999 
 1.004780 1.004999 
 1.004780 1.004999 
 1.004780 1.004999 
 1.004780 1.004999 
 1.004780 1.004999 
 1.004780 1.004999 
 1.006610 1.004999 
 1.004780 1.004999 
 1.004780 1.004999 
 1.004780 1.004999 
 1.004780 1.004999 
 1.004780 1.004999 
 1.004780 1.004999 
 1.004780 1.004999 
 1.004780 1.004999 
 1.006610 1.004999 
 1.004780 1.004999 
 1.004780 1.004999 
 1.004780 1.004999 
 1.004780 1.004999 
 1.004780 1.004999 
 1.004780 1.004999 
 1.004780 1.004999 
 1.004780 1.004999 
 1.006610 1.004999 
 1.004780 1.004999 
 1.004780 1.004999 
 1.004780 1.004999 
 1.004780 1.004999 
 1.004780 1.004999 
 1.004780 1.004999 
 1.006610 1.004999 
 1.004780 1.004999 
 1.004780 1.004999 
 1.004780 1.004999 
 1.004780 1.004999 
 1.004780 1.004999 
 1.004780 1.004999 
 1.004780 1.004999 
 1.004780 1.004999 
 1.006610 1.004999 
 1.004780 1.004999 
 1.004780 1.004999 
 1.004780 1.004999 
 1.004780 1.004999 
 1.004780 1.004999 
 1.004780 1.004999 
 1.004780 1.004999 
 1.004780 1.004999 
 1.006610 1.004999 
 1.004780 1.004999 
 1.004780 1.004999 
 1.004780 1.004999 
 1.004780 1.004999 
 1.004780 1.004999 
 1.004780 1.004999 
 1.006610 1.004999 
 1.004780 1.004999 
 1.004780 1.004999 
 1.004780 1.004999 
 1.004780 1.004999 
 1.004780 1.004999 
 1.004780 1.004999 
 1.004780 1.004999 
 1.004780 1.004999 
 1.006610 1.004999 
 1.004780 1.004999 
 1.004780 1.004999 
 1.004780 1.004999 
 1.004780 1.004999 
 1.004780 1.004999 
 1.004780 1.004999 
 1.004780 1.004999 
 1.004780 1.004999 
 1.006610 1.004999 
 1.004780 1.004999 
 1.004780 1.004999 
 1.004780 1.004999 
 1.004780 1.004999 
 1.004780 1.004999 
 1.004780 1.004999 
 1.006610 1.004999 
 1.004780 1.004999 
 1.004780 1.004999 
 1.004780 1.004999 
 1.004780 1.004999 
 1.004780 1.004999 
 1.004780 1.004999 
 1.004780 1.004999 
 1.004780 1.004999 
 1.006610 1.004999 
 1.004780 1.004999 
 1.004780 1.004999 
 1.004780 1.004999 
 1.004780 1.004999 
 1.004780 1.004999 
 1.004780 1.004999 
 1.004780 1.004999 
 1.004780 1.004999 
 1.006610 1.004999 
 1.004780 1.004999 
 1.004780 1.004999 
 1.004780 1.004999 
 1.004780 1.004999 
 1.004780 1.004999 
 1.004780 1.004999 
 1.006610 1.004999 
 1.004780 1.004999 
 1.004780 1.004999 
 1.004780 1.004999 
 1.004780 1.004999 
 1.004780 1.004999 
 1.004780 1.004999 
 1.004780 1.004999 
 1.004780 1.004999 
 1.006610 1.004999 
 1.004780 1.004999 
 1.004780 1.004999 
 1.004780 1.004999 
 1.004780 1.004999 
 1.004780 1.004999 
 1.004780 1.004999 
 1.004780 1.004999 
 1.004780 1.004999 
 1.006610 1.004999 
 1.004780 1.004999 
 1.004780 1.004999 
 1.004780 1.004999 
 1.004780 1.004999 
 1.004780 1.004999 
 1.004780 1.004999 
 1.006610 1.004999 
 1.004780 1.004999 
 1.004780 1.004999 
 1.004780 1.004999 
 1.004780 1.004999 
 1.004780 1.004999 
 1.004780 1.004999 
 1.004780 1.004999 
 1.004780 1.004999 
 1.006610 1.004999 
 1.004780 1.004999 
 1.004780 1.004999 
 1.004780 1.004999 
 1.004780 1.004999 
 1.004780 1.004999 
 1.004780 1.004999 
 1.004780 1.004999 
 1.004780 1.004999 
 1.006610 1.004999 
 1.004780 1.004999 
 1.004780 1.004999 
 1.004780 1.004999 
 1.004780 1.004999 
 1.004780 1.004999 
 1.004780 1.004999 
 1.006610 1.004999 
 1.004780 1.004999 
 1.004780 1.004999 
 1.004780 1.004999 
 1.004780 1.004999 
 1.004780 1.004999 
 1.004780 1.004999 
 1.004780 1.004999 
 1.004780 1.004999 
 1.006610 1.004999 
 1.004780 1.004999 
 1.004780 1.004999 
 1.004780 1.004999 
 1.004780 1.004999 
 1.004780 1.004999 
 1.004780 1.004999 
 1.004780 1.004999 
 1.004780 1.004999 
 1.006610 1.004999 
 1.004780 1.004999 
 1.004780 1.004999 
 1.004780 1.004999 
 1.004780 1.004999 
 1.004780 1.004999 
 1.004780 1.004999 
 1.006610 1.004999 
 1.004780 1.004999 
 1.004780 1.004999 
 1.004780 1.004999 
 1.004780 1.004999 
 1.004780 1.004999 
 1.004780 1.004999 
 1.004780 1.004999 
 1.004780 1.004999 
 1.006610 1.004999 
 1.004780 1.004999 
 1.004780 1.004999 
 1.004780 1.004999 
 1.004780 1.004999 
 1.004780 1.004999 
 1.004780 1.004999 
 1.004780 1.004999 
 1.004780 1.004999 
 1.006610 1.004999 
 1.004780 1.004999 
 1.004780 1.004999 
 1.004780 1.004999 
 1.004780 1.004999 
 1.004780 1.004999 
 1.004780 1.004999 
 1.006610 1.004999 
 1.004780 1.004999 
 1.004780 1.004999 
 1.004780 1.004999 
 1.004780 1.004999 
 1.004780 1.004999 
 1.004780 1.004999 
 1.004780 1.004999 
 1.004780 1.004999 
 1.006610 1.004999 
 1.004780 1.004999 
 1.004780 1.004999 
 1.004780 1.004999 
 1.004780 1.004999 
 1.004780 1.004999 
 1.004780 1.004999 
 1.004780 1.004999 
 1.004780 1.004999 
 1.006610 1.004999 
 1.004780 1.004999 
 1.004780 1.004999 
 1.004780 1.004999 
 1.004780 1.004999 
 1.004780 1.004999 
 1.004780 1.004999 
 1.006610 1.004999 
 1.004780 1.004999 
 1.004780 1.004999 
 1.004780 1.004999 
 1.004780 1.004999 
 1.004780 1.004999 
 1.004780 1.004999 
 1.004780 1.004999 
 1.004780 1.004999 
 