0.000000 0.000000 
 0.000000 0.000000 
 -0.013398 0.000000 
 0.000000 0.000000 
 -0.013398 0.000000 
 -0.013398 0.000000 
 -0.013398 0.000000 
 -0.013398 0.000000 
 -0.026796 0.000000 
 -0.026796 0.000000 
 -0.026796 0.000000 
 -0.026796 0.000000 
 -0.026796 0.000000 
 -0.040195 0.000000 
 -0.040195 0.000000 
 -0.040195 0.000000 
 -0.053593 0.000000 
 -0.053593 0.000000 
 -0.053593 0.000000 
 -0.040195 0.000000 
 -0.053593 0.000000 
 -0.053593 0.000000 
 -0.066991 0.000000 
 -0.066991 0.000000 
 -0.066991 0.000000 
 -0.080389 0.000000 
 -0.080389 0.000000 
 -0.080389 0.000000 
 -0.080389 0.000000 
 -0.080389 0.000000 
 -0.080389 0.000000 
 -0.080389 0.000000 
 -0.080389 0.000000 
 -0.080389 0.000000 
 -0.107186 0.000000 
 -0.107186 0.000000 
 -0.107186 0.000000 
 -0.107186 0.000000 
 -0.107186 0.000000 
 -0.120584 0.000000 
 -0.120584 0.000000 
 -0.120584 0.000000 
 -0.120584 0.000000 
 -0.120584 0.000000 
 -0.133982 0.000000 
 -0.120584 0.000000 
 -0.120584 0.000000 
 -0.120584 0.000000 
 -0.133982 0.000000 
 -0.133982 0.000000 
 -0.133982 0.000000 
 -0.133982 0.000000 
 -0.147381 0.000000 
 -0.147381 0.000000 
 -0.147381 0.000000 
 -0.147381 0.000000 
 -0.160779 0.000000 
 -0.160779 0.000000 
 -0.147381 0.000000 
 -0.160779 0.000000 
 -0.160779 0.000000 
 -0.160779 0.000000 
 -0.174177 0.000000 
 -0.174177 0.000000 
 -0.174177 0.000000 
 -0.174177 0.000000 
 -0.174177 0.000000 
 -0.174177 0.000000 
 -0.174177 0.000000 
 -0.187575 0.000000 
 -0.187575 0.000000 
 -0.174177 0.000000 
 -0.187575 0.000000 
 -0.187575 0.000000 
 -0.187575 0.000000 
 -0.200974 0.000000 
 -0.187575 0.000000 
 -0.200974 0.000000 
 -0.200974 0.000000 
 -0.200974 0.000000 
 -0.200974 0.000000 
 -0.200974 0.000000 
 -0.200974 0.000000 
 -0.214372 0.000000 
 -0.214372 0.000000 
 -0.200974 0.000000 
 -0.214372 0.000000 
 -0.214372 0.000000 
 -0.214372 0.000000 
 -0.214372 0.000000 
 -0.214372 0.000000 
 -0.214372 0.000000 
 -0.227770 0.000000 
 -0.214372 0.000000 
 -0.214372 0.000000 
 -0.227770 0.000000 
 -0.227770 0.000000 
 -0.227770 0.000000 
 -0.227770 0.000000 
 -0.227770 0.000000 
 -0.227770 0.000000 
 -0.227770 0.000000 
 -0.227770 0.000000 
 -0.241168 0.000000 
 -0.227770 0.000000 
 -0.227770 0.000000 
 -0.241168 0.000000 
 -0.227770 0.000000 
 -0.241168 0.000000 
 -0.241168 0.000000 
 -0.241168 0.000000 
 -0.241168 0.000000 
 -0.241168 0.000000 
 -0.241168 0.000000 
 -0.241168 0.000000 
 -0.241168 0.000000 
 -0.254567 0.000000 
 -0.254567 0.000000 
 -0.241168 0.000000 
 -0.254567 0.000000 
 -0.254567 0.000000 
 -0.241168 0.000000 
 -0.254567 0.000000 
 -0.254567 0.000000 
 -0.241168 0.000000 
 -0.254567 0.000000 
 -0.254567 0.000000 
 -0.254567 0.000000 
 -0.254567 0.000000 
 -0.254567 0.000000 
 -0.254567 0.000000 
 -0.254567 0.000000 
 -0.254567 0.000000 
 -0.267965 0.000000 
 -0.254567 0.000000 
 -0.267965 0.000000 
 -0.267965 0.000000 
 -0.254567 0.000000 
 -0.267965 0.000000 
 -0.267965 0.000000 
 -0.254567 0.000000 
 -0.267965 0.000000 
 -0.267965 0.000000 
 -0.267965 0.000000 
 -0.267965 0.000000 
 -0.267965 0.000000 
 -0.267965 0.000000 
 -0.267965 0.000000 
 -0.267965 0.000000 
 -0.267965 0.000000 
 -0.267965 0.000000 
 -0.281363 0.000000 
 -0.267965 0.000000 
 -0.267965 0.000000 
 -0.281363 0.000000 
 -0.267965 0.000000 
 -0.267965 0.000000 
 -0.267965 0.000000 
 -0.267965 0.000000 
 -0.267965 0.000000 
 -0.267965 0.000000 
 -0.267965 0.000000 
 -0.281363 0.000000 
 -0.267965 0.000000 
 -0.267965 0.000000 
 -0.281363 0.000000 
 -0.267965 0.000000 
 -0.267965 0.000000 
 -0.281363 0.000000 
 -0.267965 0.000000 
 -0.281363 0.000000 
 -0.281363 0.000000 
 -0.267965 0.000000 
 -0.281363 0.000000 
 -0.281363 0.000000 
 -0.267965 0.000000 
 -0.281363 0.000000 
 -0.281363 0.000000 
 -0.281363 0.000000 
 -0.281363 0.000000 
 -0.281363 0.000000 
 -0.281363 0.000000 
 -0.281363 0.000000 
 -0.281363 0.000000 
 -0.281363 0.000000 
 -0.281363 0.000000 
 -0.267965 0.000000 
 -0.281363 0.000000 
 -0.281363 0.000000 
 -0.281363 0.000000 
 -0.281363 0.000000 
 -0.281363 0.000000 
 -0.281363 0.000000 
 -0.281363 0.000000 
 -0.281363 0.000000 
 -0.281363 0.000000 
 -0.267965 0.000000 
 -0.281363 0.000000 
 -0.281363 0.000000 
 -0.281363 0.000000 
 -0.281363 0.000000 
 -0.267965 0.000000 
 -0.267965 0.000000 
 -0.267965 0.000000 
 -0.267965 0.000000 
 -0.267965 0.000000 
 -0.267965 0.000000 
 -0.254567 0.000000 
 -0.254566 0.000000 
 -0.267965 0.000000 
 -0.267965 0.000000 
 -0.254567 0.000000 
 -0.254567 0.000000 
 -0.241168 0.000000 
 -0.254566 0.000000 
 -0.254567 0.000000 
 -0.241169 0.000000 
 -0.241169 0.000000 
 -0.241169 0.000000 
 -0.241168 0.000000 
 -0.227770 0.000000 
 -0.227770 0.000000 
 -0.227770 0.000000 
 -0.227770 0.000000 
 -0.227770 0.000000 
 -0.214372 0.000000 
 -0.214372 0.000000 
 -0.214372 0.000000 
 -0.214372 0.000000 
 -0.200974 0.000000 
 -0.214372 0.000000 
 -0.200974 0.000000 
 -0.200974 0.000000 
 -0.200973 0.000000 
 -0.200973 0.000000 
 -0.187575 0.000000 
 -0.187575 0.000000 
 -0.187575 0.000000 
 -0.187576 0.000000 
 -0.187576 0.000000 
 -0.174177 0.000000 
 -0.174177 0.000000 
 -0.174177 0.000000 
 -0.174177 0.000000 
 -0.174177 0.000000 
 -0.160779 0.000000 
 -0.160779 0.000000 
 -0.160779 0.000000 
 -0.147381 0.000000 
 -0.160779 0.000000 
 -0.160779 0.000000 
 -0.160779 0.000000 
 -0.147381 0.000000 
 -0.147381 0.000000 
 -0.147381 0.000000 
 -0.133982 0.000000 
 -0.133982 0.000000 
 -0.133982 0.000000 
 -0.147380 0.000000 
 -0.133982 0.000000 
 -0.133982 0.000000 
 -0.133982 0.000000 
 -0.133982 0.000000 
 -0.120584 0.000000 
 -0.120584 0.000000 
 -0.120584 0.000000 
 -0.120584 0.000000 
 -0.120584 0.000000 
 -0.107186 0.000000 
 -0.107186 0.000000 
 -0.107186 0.000000 
 -0.107186 0.000000 
 -0.120584 0.000000 
 -0.107186 0.000000 
 -0.107186 0.000000 
 -0.107186 0.000000 
 -0.107186 0.000000 
 -0.107186 0.000000 
 -0.107186 0.000000 
 -0.093788 0.000000 
 -0.093788 0.000000 
 -0.093788 0.000000 
 -0.093788 0.000000 
 -0.093788 0.000000 
 -0.093788 0.000000 
 -0.093788 0.000000 
 -0.080390 0.000000 
 -0.080390 0.000000 
 -0.080390 0.000000 
 -0.080390 0.000000 
 -0.080390 0.000000 
 -0.080390 0.000000 
 -0.080390 0.000000 
 -0.080390 0.000000 
 -0.066991 0.000000 
 -0.066991 0.000000 
 -0.066991 0.000000 
 -0.066991 0.000000 
 -0.066991 0.000000 
 -0.066991 0.000000 
 -0.066991 0.000000 
 -0.066991 0.000000 
 -0.066991 0.000000 
 -0.066991 0.000000 
 -0.053593 0.000000 
 -0.053593 0.000000 
 -0.053593 0.000000 
 -0.053593 0.000000 
 -0.053593 0.000000 
 -0.053593 0.000000 
 -0.053593 0.000000 
 -0.053593 0.000000 
 -0.053593 0.000000 
 -0.053593 0.000000 
 -0.053593 0.000000 
 -0.053593 0.000000 
 