0.000000 0.055000 
 0.000000 0.060000 
 0.001830 0.065000 
 0.003660 0.070000 
 0.005491 0.075000 
 0.009151 0.080000 
 0.009151 0.085000 
 0.012811 0.090000 
 0.014642 0.095000 
 0.018302 0.100000 
 0.018302 0.105000 
 0.021962 0.110000 
 0.025623 0.115000 
 0.027453 0.120000 
 0.031113 0.125000 
 0.034774 0.130000 
 0.036604 0.135000 
 0.040264 0.140000 
 0.043925 0.145000 
 0.045755 0.150000 
 0.047585 0.155000 
 0.051246 0.160000 
 0.056736 0.165000 
 0.060397 0.170000 
 0.064057 0.175000 
 0.065887 0.180000 
 0.069548 0.185000 
 0.073208 0.190000 
 0.076868 0.195000 
 0.080529 0.200000 
 0.084189 0.205000 
 0.087850 0.210000 
 0.091510 0.215000 
 0.095170 0.220000 
 0.098831 0.225000 
 0.102491 0.230000 
 0.106152 0.235000 
 0.109812 0.240000 
 0.113472 0.245000 
 0.118963 0.250000 
 0.122623 0.255000 
 0.126284 0.260000 
 0.129944 0.265000 
 0.133605 0.270000 
 0.139095 0.275000 
 0.144586 0.280000 
 0.148246 0.285000 
 0.151907 0.290000 
 0.157397 0.295000 
 0.161058 0.300000 
 0.164718 0.305000 
 0.168378 0.310000 
 0.173869 0.315000 
 0.177529 0.320000 
 0.181190 0.325000 
 0.184850 0.330000 
 0.190341 0.335000 
 0.194001 0.340000 
 0.199492 0.345000 
 0.204982 0.350000 
 0.208643 0.355000 
 0.212303 0.360000 
 0.217794 0.365000 
 0.221454 0.370000 
 0.225115 0.375000 
 0.232435 0.380000 
 0.236096 0.385000 
 0.239756 0.390000 
 0.243417 0.395000 
 0.248907 0.400000 
 0.252568 0.405000 
 0.258058 0.410000 
 0.263549 0.415000 
 0.267209 0.420000 
 0.270870 0.425000 
 0.276360 0.430000 
 0.281851 0.435000 
 0.287341 0.440000 
 0.291002 0.445000 
 0.294662 0.450000 
 0.301983 0.455000 
 0.305643 0.460000 
 0.309304 0.465000 
 0.314794 0.470000 
 0.318455 0.475000 
 0.323945 0.480000 
 0.329436 0.485000 
 0.333096 0.490000 
 0.336757 0.495000 
 0.344078 0.500000 
 0.347738 0.505000 
 0.351398 0.510000 
 0.356889 0.515000 
 0.362380 0.520000 
 0.366040 0.525000 
 0.371531 0.530000 
 0.375191 0.535000 
 0.382512 0.540000 
 0.386172 0.545000 
 0.389833 0.550000 
 0.397153 0.555000 
 0.400814 0.560000 
 0.404474 0.565000 
 0.409965 0.570000 
 0.415455 0.575000 
 0.419116 0.580000 
 0.424606 0.585000 
 0.430097 0.590000 
 0.435588 0.595000 
 0.439248 0.600000 
 0.442908 0.605000 
 0.450229 0.610000 
 0.453890 0.615000 
 0.457550 0.620000 
 0.464871 0.625000 
 0.468531 0.630000 
 0.474022 0.635000 
 0.477682 0.640000 
 0.483173 0.645000 
 0.488663 0.650000 
 0.492324 0.655000 
 0.497814 0.660000 
 0.503305 0.665000 
 0.506965 0.670000 
 0.512456 0.675000 
 0.517947 0.680000 
 0.521607 0.685000 
 0.528928 0.690000 
 0.532588 0.695000 
 0.536249 0.700000 
 0.543569 0.705000 
 0.547230 0.710000 
 0.550890 0.714999 
 0.556381 0.719999 
 0.561871 0.724999 
 0.567362 0.729999 
 0.571022 0.734999 
 0.576513 0.739999 
 0.582004 0.744999 
 0.585664 0.749999 
 0.591155 0.754999 
 0.596645 0.759999 
 0.600306 0.764999 
 0.607626 0.769999 
 0.611287 0.774999 
 0.614947 0.779999 
 0.622268 0.784999 
 0.625928 0.789999 
 0.629589 0.794999 
 0.636910 0.799999 
 0.640570 0.804999 
 0.646061 0.809999 
 0.651551 0.814999 
 0.655212 0.819999 
 0.660702 0.824999 
 0.666193 0.829999 
 0.669853 0.834999 
 0.677174 0.839999 
 0.680834 0.844999 
 0.684495 0.849999 
 0.691816 0.854999 
 0.695476 0.859999 
 0.700967 0.864999 
 0.706457 0.869999 
 0.710118 0.874999 
 0.715608 0.879999 
 0.721099 0.884999 
 0.724759 0.889999 
 0.730250 0.894999 
 0.735740 0.899999 
 0.741231 0.904999 
 0.744891 0.909999 
 0.750382 0.914999 
 0.755873 0.919999 
 0.759533 0.924999 
 0.765024 0.929999 
 0.770514 0.934999 
 0.774175 0.939999 
 0.781495 0.944999 
 0.785156 0.949999 
 0.788816 0.954999 
 0.796137 0.959999 
 0.799797 0.964999 
 0.803458 0.969999 
 0.810779 0.974999 
 0.814439 0.979999 
 0.819930 0.984999 
 0.825420 0.989999 
 0.829081 0.994999 
 0.836401 0.999999 
 0.840062 1.004999 
 0.843722 1.004999 
 0.851043 1.004999 
 0.854703 1.004999 
 0.858364 1.004999 
 0.862024 1.004999 
 0.867515 1.004999 
 0.873005 1.004999 
 0.876666 1.004999 
 0.880326 1.004999 
 0.883987 1.004999 
 0.885817 1.004999 
 0.889477 1.004999 
 0.893138 1.004999 
 0.896798 1.004999 
 0.900458 1.004999 
 0.904119 1.004999 
 0.905949 1.004999 
 0.909609 1.004999 
 0.911440 1.004999 
 0.915100 1.004999 
 0.916930 1.004999 
 0.920591 1.004999 
 0.922421 1.004999 
 0.924251 1.004999 
 0.927911 1.004999 
 0.929742 1.004999 
 0.933402 1.004999 
 0.933402 1.004999 
 0.937062 1.004999 
 0.938893 1.004999 
 0.938893 1.004999 
 0.942553 1.004999 
 0.942553 1.004999 
 0.946213 1.004999 
 0.948044 1.004999 
 0.948044 1.004999 
 0.951704 1.004999 
 0.951704 1.004999 
 0.953534 1.004999 
 0.955364 1.004999 
 0.957195 1.004999 
 0.957195 1.004999 
 0.960855 1.004999 
 0.960855 1.004999 
 0.962685 1.004999 
 0.962685 1.004999 
 0.962685 1.004999 
 0.966346 1.004999 
 0.966346 1.004999 
 0.968176 1.004999 
 0.968176 1.004999 
 0.968176 1.004999 
 0.971836 1.004999 
 0.971836 1.004999 
 0.973666 1.004999 
 0.973666 1.004999 
 0.973666 1.004999 
 0.975497 1.004999 
 0.977327 1.004999 
 0.977327 1.004999 
 0.977327 1.004999 
 0.979157 1.004999 
 0.979157 1.004999 
 0.979157 1.004999 
 0.980987 1.004999 
 0.980987 1.004999 
 0.980987 1.004999 
 0.982817 1.004999 
 0.984648 1.004999 
 0.984648 1.004999 
 0.984648 1.004999 
 0.984648 1.004999 
 0.986478 1.004999 
 0.986478 1.004999 
 0.986478 1.004999 
 0.986478 1.004999 
 0.986478 1.004999 
 0.988308 1.004999 
 0.988308 1.004999 
 0.988308 1.004999 
 0.988308 1.004999 
 0.990138 1.004999 
 0.991968 1.004999 
 0.991968 1.004999 
 0.991968 1.004999 
 0.991968 1.004999 
 0.991968 1.004999 
 0.991968 1.004999 
 0.993799 1.004999 
 0.993799 1.004999 
 0.993799 1.004999 
 0.993799 1.004999 
 0.993799 1.004999 
 0.993799 1.004999 
 0.993799 1.004999 
 0.995629 1.004999 
 0.995629 1.004999 
 0.995629 1.004999 
 0.995629 1.004999 
 0.995629 1.004999 
 0.995629 1.004999 
 0.995629 1.004999 
 0.995629 1.004999 
 0.997459 1.004999 
 0.997459 1.004999 
 0.997459 1.004999 
 0.997459 1.004999 
 0.997459 1.004999 
 0.997459 1.004999 
 0.997459 1.004999 
 0.997459 1.004999 
 0.997459 1.004999 
 0.997459 1.004999 
 0.999289 1.004999 
 0.999289 1.004999 
 0.999289 1.004999 
 0.999289 1.004999 
 0.999289 1.004999 
 0.999289 1.004999 
 0.999289 1.004999 
 0.999289 1.004999 
 0.999289 1.004999 
 0.999289 1.004999 
 0.999289 1.004999 
 0.999289 1.004999 
 